0.000000000000000000e+00
3.015209302325579967e-03
6.030418604651159933e-03
9.045627906976740767e-03
1.206083720930231987e-02
1.507604651162790070e-02
1.809125581395348153e-02
2.110646511627906063e-02
2.412167441860463973e-02
2.713688372093021883e-02
2.999215116279068793e-03
5.998430232558137586e-03
8.997645348837207679e-03
1.199686046511627517e-02
1.499607558139534440e-02
1.799529069767441536e-02
2.099450581395348459e-02
2.399372093023255034e-02
2.699293604651161957e-02
2.999999999999998761e-03
5.999999999999997523e-03
8.999999999999995851e-03
1.199999999999999505e-02
1.499999999999999424e-02
1.799999999999999170e-02
2.099999999999999090e-02
2.399999999999999009e-02
2.699999999999998929e-02
2.971011627906975944e-03
5.942023255813951889e-03
8.913034883720928267e-03
1.188404651162790378e-02
1.485505813953488102e-02
1.782606976744185653e-02
2.079708139534883204e-02
2.376809302325580756e-02
2.912302325581393736e-03
5.824604651162787472e-03
8.736906976744181208e-03
1.164920930232557494e-02
1.456151162790697041e-02
1.747381395348836242e-02
2.038611627906975615e-02
2.329841860465114989e-02
2.621072093023254362e-02
2.977726744186046104e-03
5.955453488372092208e-03
8.933180232558140046e-03
1.191090697674418442e-02
1.488863372093023052e-02
1.786636046511628009e-02
2.084408720930232273e-02
2.382181395348836883e-02
2.679954069767441494e-02
3.143441860465115249e-03
6.286883720930230499e-03
9.430325581395344881e-03
1.257376744186046100e-02
1.571720930232557711e-02
1.886065116279068976e-02
2.200409302325580935e-02
2.514753488372092199e-02
2.829097674418604158e-02
2.991279069767441290e-03
5.982558139534882580e-03
8.973837209302323870e-03
1.196511627906976516e-02
1.495639534883720645e-02
1.794767441860464774e-02
2.093895348837208903e-02
2.393023255813953032e-02
2.692151162790697508e-02
3.015209302325579967e-03
6.030418604651159933e-03
9.045627906976740767e-03
1.206083720930231987e-02
1.507604651162790070e-02
1.809125581395348153e-02
2.110646511627906063e-02
2.412167441860463973e-02
2.713688372093021883e-02
2.999215116279068793e-03
5.998430232558137586e-03
8.997645348837207679e-03
1.199686046511627517e-02
1.499607558139534440e-02
1.799529069767441536e-02
2.099450581395348459e-02
2.399372093023255034e-02
2.699293604651161957e-02
2.999999999999998761e-03
5.999999999999997523e-03
8.999999999999995851e-03
1.199999999999999505e-02
1.499999999999999424e-02
1.799999999999999170e-02
2.099999999999999090e-02
2.399999999999999009e-02
2.699999999999998929e-02
2.971011627906975944e-03
5.942023255813951889e-03
8.913034883720928267e-03
1.188404651162790378e-02
1.485505813953488102e-02
1.782606976744185653e-02
2.079708139534883204e-02
2.376809302325580756e-02
2.673910465116278307e-02
2.912302325581393736e-03
5.824604651162787472e-03
8.736906976744181208e-03
1.164920930232557494e-02
1.456151162790697041e-02
1.747381395348836242e-02
2.038611627906975615e-02
2.329841860465114989e-02
2.621072093023254362e-02
2.977726744186046104e-03
5.955453488372092208e-03
8.933180232558140046e-03
1.191090697674418442e-02
1.488863372093023052e-02
1.786636046511628009e-02
2.084408720930232273e-02
2.382181395348836883e-02
2.679954069767441494e-02
3.143441860465115249e-03
6.286883720930230499e-03
9.430325581395344881e-03
1.571720930232557711e-02
1.886065116279068976e-02
2.200409302325580935e-02
2.514753488372092199e-02
2.829097674418604158e-02
2.991279069767441290e-03
5.982558139534882580e-03
8.973837209302323870e-03
1.196511627906976516e-02
1.495639534883720645e-02
1.794767441860464774e-02
2.093895348837208903e-02
2.393023255813953032e-02
2.692151162790697508e-02
3.015209302325579967e-03
6.030418604651159933e-03
9.045627906976740767e-03
1.206083720930231987e-02
1.507604651162790070e-02
1.809125581395348153e-02
2.110646511627906063e-02
2.412167441860463973e-02
2.713688372093021883e-02
2.999215116279068793e-03
5.998430232558137586e-03
8.997645348837207679e-03
1.199686046511627517e-02
1.499607558139534440e-02
1.799529069767441536e-02
2.099450581395348459e-02
2.399372093023255034e-02
2.699293604651161957e-02
2.999999999999998761e-03
5.999999999999997523e-03
8.999999999999995851e-03
1.199999999999999505e-02
1.499999999999999424e-02
1.799999999999999170e-02
2.099999999999999090e-02
2.399999999999999009e-02
2.699999999999998929e-02
2.971011627906975944e-03
5.942023255813951889e-03
8.913034883720928267e-03
1.188404651162790378e-02
1.485505813953488102e-02
1.782606976744185653e-02
2.079708139534883204e-02
2.376809302325580756e-02
2.673910465116278307e-02
2.912302325581393736e-03
5.824604651162787472e-03
8.736906976744181208e-03
1.164920930232557494e-02
1.456151162790697041e-02
1.747381395348836242e-02
2.038611627906975615e-02
2.329841860465114989e-02
2.621072093023254362e-02
2.977726744186046104e-03
5.955453488372092208e-03
8.933180232558140046e-03
1.191090697674418442e-02
1.488863372093023052e-02
1.786636046511628009e-02
2.084408720930232273e-02
2.382181395348836883e-02
2.679954069767441494e-02
3.143441860465115249e-03
6.286883720930230499e-03
9.430325581395344881e-03
1.257376744186046100e-02
1.571720930232557711e-02
1.886065116279068976e-02
2.200409302325580935e-02
2.514753488372092199e-02
2.829097674418604158e-02
2.991279069767441290e-03
5.982558139534882580e-03
8.973837209302323870e-03
1.196511627906976516e-02
1.495639534883720645e-02
1.794767441860464774e-02
2.093895348837208903e-02
2.393023255813953032e-02
2.692151162790697508e-02
