6.542000000000000000e+03
6.531528064493955753e+03
6.507212225477371248e+03
6.483062134144593983e+03
6.455680518020431919e+03
6.431889340403323331e+03
6.398241814386791702e+03
6.381560144004880385e+03
6.355006884002978950e+03
6.328700996358983502e+03
6.528056000875541031e+03
6.503740161858956526e+03
6.479612166150451230e+03
6.455669756155992218e+03
6.428515068721952957e+03
6.408301168584567677e+03
6.384881861887925879e+03
6.364940996028501104e+03
6.338542705354742793e+03
6.524561628680992726e+03
6.489929215957509768e+03
6.465899783773558738e+03
6.445450490402865398e+03
6.421777135424665175e+03
6.388203530738440350e+03
6.378217552938389417e+03
6.351716111198730687e+03
6.335272322986357722e+03
6.521078437564044179e+03
6.496829204507645954e+03
6.465899783773558738e+03
6.438659204458205750e+03
6.425130136694511748e+03
6.398241814386790793e+03
6.384913245520248893e+03
6.348404804786365276e+03
6.521078437564044179e+03
6.500279172501788707e+03
6.469327866393506156e+03
6.445450490402865398e+03
6.415028541781306558e+03
6.394951628161160443e+03
6.378238426121834891e+03
6.371563705096840749e+03
6.351726426124593672e+03
6.517617448206877270e+03
6.493390205314677587e+03
6.465899783773558738e+03
6.438702048558493516e+03
6.415060372293380169e+03
6.388203530738440350e+03
6.361671046770389694e+03
6.348404804786365276e+03
6.332052656781539554e+03
6.514167480212734517e+03
6.493390205314677587e+03
6.465921461556738905e+03
6.448910705046734620e+03
6.425140797040581674e+03
6.388213991846428144e+03
6.378248789470711017e+03
6.328761883977291291e+03
6.328761883977291291e+03
6.514167480212734517e+03
6.489951206121710129e+03
6.469327866393507975e+03
6.445461252267305099e+03
6.421883490651904140e+03
6.378222758976117802e+03
6.368241987213795255e+03
6.309098903361775228e+03
6.279937412191963631e+03
6.531528064493955753e+03
6.507212225477371248e+03
6.483062134144593983e+03
6.455680518020431919e+03
6.431889340403323331e+03
6.398241814386791702e+03
6.381560144004880385e+03
6.355006884002978950e+03
6.328700996358983502e+03
6.528056000875541031e+03
6.503740161858956526e+03
6.479612166150451230e+03
6.455669756155992218e+03
6.428515068721952957e+03
6.408301168584567677e+03
6.384881861887925879e+03
6.364940996028501104e+03
6.338542705354742793e+03
6.524561628680992726e+03
6.489929215957509768e+03
6.465899783773558738e+03
6.445450490402865398e+03
6.421777135424665175e+03
6.388203530738440350e+03
6.378217552938389417e+03
6.351716111198730687e+03
6.335272322986357722e+03
6.521078437564044179e+03
6.496829204507645954e+03
6.465899783773558738e+03
6.438659204458205750e+03
6.425130136694511748e+03
6.398241814386790793e+03
6.384913245520248893e+03
6.348404804786365276e+03
6.338547814845303947e+03
6.521078437564044179e+03
6.500279172501788707e+03
6.469327866393506156e+03
6.445450490402865398e+03
6.415028541781306558e+03
6.394951628161160443e+03
6.378238426121834891e+03
6.371563705096840749e+03
6.351726426124593672e+03
6.517617448206877270e+03
6.493390205314677587e+03
6.465899783773558738e+03
6.438702048558493516e+03
6.415060372293380169e+03
6.388203530738440350e+03
6.361671046770389694e+03
6.348404804786365276e+03
6.332052656781539554e+03
6.514167480212734517e+03
6.493390205314677587e+03
6.465921461556738905e+03
6.425140797040581674e+03
6.388213991846428144e+03
6.378248789470711017e+03
6.328761883977291291e+03
6.328761883977291291e+03
6.514167480212734517e+03
6.489951206121710129e+03
6.469327866393507975e+03
6.445461252267305099e+03
6.421883490651904140e+03
6.378222758976117802e+03
6.368241987213795255e+03
6.309098903361775228e+03
6.279937412191963631e+03
6.531528064493955753e+03
6.507212225477371248e+03
6.483062134144593983e+03
6.455680518020431919e+03
6.431889340403323331e+03
6.398241814386791702e+03
6.381560144004880385e+03
6.355006884002978950e+03
6.328700996358983502e+03
6.528056000875541031e+03
6.503740161858956526e+03
6.479612166150451230e+03
6.455669756155992218e+03
6.428515068721952957e+03
6.408301168584567677e+03
6.384881861887925879e+03
6.364940996028501104e+03
6.338542705354742793e+03
6.524561628680992726e+03
6.489929215957509768e+03
6.465899783773558738e+03
6.445450490402865398e+03
6.421777135424665175e+03
6.388203530738440350e+03
6.378217552938389417e+03
6.351716111198730687e+03
6.335272322986357722e+03
6.521078437564044179e+03
6.496829204507645954e+03
6.465899783773558738e+03
6.438659204458205750e+03
6.425130136694511748e+03
6.398241814386790793e+03
6.384913245520248893e+03
6.348404804786365276e+03
6.338547814845303947e+03
6.521078437564044179e+03
6.500279172501788707e+03
6.469327866393506156e+03
6.445450490402865398e+03
6.415028541781306558e+03
6.394951628161160443e+03
6.378238426121834891e+03
6.371563705096840749e+03
6.351726426124593672e+03
6.517617448206877270e+03
6.493390205314677587e+03
6.465899783773558738e+03
6.438702048558493516e+03
6.415060372293380169e+03
6.388203530738440350e+03
6.361671046770389694e+03
6.348404804786365276e+03
6.332052656781539554e+03
6.514167480212734517e+03
6.493390205314677587e+03
6.465921461556738905e+03
6.448910705046734620e+03
6.425140797040581674e+03
6.388213991846428144e+03
6.378248789470711017e+03
6.328761883977291291e+03
6.328761883977291291e+03
6.514167480212734517e+03
6.489951206121710129e+03
6.469327866393507975e+03
6.445461252267305099e+03
6.421883490651904140e+03
6.378222758976117802e+03
6.368241987213795255e+03
6.309098903361775228e+03
6.279937412191963631e+03
