6.515078922539320956e+03
6.506758938794414462e+03
6.506758938794419009e+03
6.510105213867813291e+03
6.510105213867813291e+03
6.500936362744608232e+03
6.490180449434334150e+03
6.490182555780932489e+03
6.495984600842831242e+03
6.495125062082484874e+03
6.498460176904767650e+03
6.500006510649793199e+03
6.503313552277286362e+03
6.522440376903763536e+03
6.516579583078528231e+03
6.495984600842833970e+03
6.495984600842833970e+03
6.493511746365694307e+03
6.492652450716378553e+03
6.493511746365694307e+03
6.498460176904767650e+03
6.508255980094528240e+03
6.495984600842833970e+03
6.492652450716378553e+03
6.508255980094529150e+03
6.490182555780932489e+03
6.516579583078530050e+03
6.492652450716378553e+03
6.490180449434334150e+03
6.496701973742615337e+03
6.484389622719211729e+03
6.497488376662096016e+03
6.504943093216013040e+03
6.486855956796794999e+03
6.481923896428289481e+03
6.504943093216016678e+03
6.505784472010241188e+03
6.484389622719211729e+03
6.472835200709928358e+03
6.476147798364887421e+03
6.484389622719211729e+03
6.479462971970757280e+03
6.499953611997729240e+03
6.476147798364886512e+03
6.488376340015694041e+03
6.508255980094529150e+03
6.479462971970757280e+03
6.499953611997729240e+03
6.473688323203547043e+03
6.486755008755207200e+03
6.481925994746052311e+03
6.473690413533227911e+03
6.491672397636435562e+03
6.479462971970757280e+03
6.485920254955956807e+03
6.476147798364886512e+03
6.471233631626610986e+03
6.491672397636439200e+03
6.476147798364886512e+03
6.483464752074920398e+03
6.499953611997727421e+03
6.470380748672070695e+03
6.489158669961467240e+03
6.480959495009440616e+03
6.483412256271922161e+03
6.489158669961468149e+03
6.480904962395040457e+03
6.477620244705617552e+03
6.467006968661326027e+03
6.451547549383097248e+03
6.494131965800189391e+03
6.489158669961468149e+03
6.486702432894554477e+03
6.462172406836660230e+03
6.461321126529735011e+03
6.494131965800188482e+03
6.460575205671787444e+03
6.450696634602591075e+03
6.448260144806993594e+03
6.475951089096832220e+03
6.483412256271917613e+03
6.453986940522443547e+03
6.480904962395040457e+03
6.443388943841775472e+03
6.466954871627308421e+03
6.499953611997726512e+03
6.467926897673293752e+03
6.485865597109617738e+03
6.475116628939875227e+03
6.470172042129793226e+03
6.485865597109617738e+03
6.469395828548240388e+03
6.472672222830619830e+03
6.469395828548240388e+03
6.464460371473440318e+03
6.494131965800189391e+03
6.483412256271919432e+03
6.458875800220688689e+03
6.446670551297660495e+03
6.472672222830618011e+03
6.467926897673293752e+03
6.450696634602591075e+03
6.457281871540416432e+03
6.453137855382585258e+03
6.440109873122475619e+03
6.459726841069885268e+03
6.472672222830619830e+03
6.470228391569323321e+03
6.458809368074429585e+03
6.462074685912995847e+03
6.461321126529735011e+03
6.464460371473440318e+03
6.480904962395040457e+03
6.529539277099646824e+03
6.436290796043012051e+03
6.456431070827135954e+03
6.472672222830618011e+03
6.471837358534893610e+03
6.433559336168592381e+03
6.437678057901988723e+03
6.462174486037357383e+03
6.456431070827135954e+03
6.453986940522443547e+03
6.448260144806993594e+03
6.443388943841774562e+03
6.448260144806993594e+03
6.456269328933082761e+03
6.444975285258261465e+03
6.440109873122475619e+03
6.437678057901985994e+03
6.434406462507995457e+03
6.453009486840482168e+03
6.431980177561405071e+03
6.431980177561403252e+03
6.423870980305966441e+03
6.448260144806993594e+03
6.444975285258261465e+03
6.436833337709480475e+03
6.431980177561405071e+03
6.456323241997350124e+03
6.434406462507995457e+03
6.455438722222648721e+03
6.440109873122474710e+03
6.450580820313914955e+03
6.447377903071915171e+03
6.466954871627310240e+03
6.429554485010149619e+03
6.440109873122474710e+03
6.419036462332679548e+03
6.450632522607495048e+03
6.402903479040320235e+03
6.397264174413768160e+03
6.404470218126542022e+03
6.327224641556995266e+03
6.389242208362034035e+03
6.423870980305966441e+03
6.431980177561403252e+03
6.426291163467029037e+03
6.405306308761151740e+03
6.439949354747557663e+03
6.426291163467029037e+03
6.418196308293486254e+03
6.412530451966305918e+03
6.420610998526137337e+03
6.419036462332679548e+03
6.413370720001822519e+03
6.426119407971454166e+03
6.420484561366757589e+03
6.406873394345695488e+03
6.410119790469568215e+03
6.431135341218669964e+03
6.423870980305970988e+03
6.423870980305966441e+03
6.419036462332681367e+03
6.407713771397779965e+03
6.426291163467029037e+03
6.442424847123113977e+03
6.442424847123111249e+03
6.415782203930256401e+03
6.428638240708496596e+03
6.410121819835555470e+03
6.404470218126542022e+03
6.412530451966305918e+03
6.402065599603366536e+03
6.418844911516908724e+03
6.414941699628241622e+03
6.420537582795064736e+03
6.412530451966306828e+03
6.423764774651270272e+03
6.382795829208224859e+03
6.412404491591155420e+03
6.386017782478378649e+03
6.401897800814593211e+03
6.388984990712366198e+03
6.378855478367938304e+03
6.410121819835555470e+03
6.399665606059039419e+03
6.398829400576498301e+03
6.397264174413769979e+03
6.394031622271542801e+03
6.422988762993001728e+03
6.397005986702313749e+03
6.399508092965663309e+03
6.390608494370326298e+03
6.372430885851744279e+03
6.402067621329146277e+03
6.391637631649082323e+03
6.418025201042775734e+03
6.410712152521565258e+03
6.380406627355125238e+03
6.365296564176668653e+03
6.362098318160740746e+03
6.334702941435725734e+03
6.389854331222355540e+03
6.366838436722786355e+03
6.380984082394947109e+03
6.353338558738338179e+03
6.350144484279705466e+03
6.369765435225043802e+03
6.351466287156650651e+03
6.386546282950445857e+03
6.348610960045667525e+03
6.381735008073784229e+03
6.378667502238168709e+03
6.369827168197673927e+03
6.372426898290828831e+03
6.336424253548952947e+03
6.366846390903491738e+03
6.379327503629295279e+03
6.390644753476610276e+03
6.364980633657727594e+03
6.393155624514800365e+03
6.387137452711225706e+03
6.395198621740013550e+03
6.384323640960814373e+03
6.394621549609169051e+03
6.387417339290228483e+03
6.337135614702157000e+03
6.342758212335074859e+03
6.369823185389136597e+03
